Country,Date,Confirmed Cases,Deaths,Recovered,Cumulative confirmed cases,Cumulative deaths,case-fatality ratio,net new confirmed,net new confirmed moving average ,medical power 
canada,1/20/20,,,,,,,,,
canada,1/21/20,,,,,,,,,
canada,1/22/20,,,,,,,,,
canada,1/23/20,,,,,,,,,
canada,1/24/20,,,,,,,,,
canada,1/25/20,,,,,,,,,
canada,1/26/20,,,,,,,,,
canada,1/27/20,1,0,0,1,0,0,1,,1
canada,1/28/20,1,0,0,2,0,0,1,,1
canada,1/29/20,0,0,0,2,0,0,0,,1
canada,1/30/20,1,0,0,3,0,0,1,,1
canada,1/31/20,0,0,0,3,0,0,0,0.6,1
canada,2/1/20,0,0,0,3,0,0,0,0.4,1
canada,2/2/20,1,0,0,4,0,0,1,0.4,1
canada,2/3/20,0,0,0,4,0,0,0,0.4,1
canada,2/4/20,0,0,2,4,0,0,-2,-0.2,0.047619048
canada,2/5/20,1,0,0,5,0,0,1,0,1
canada,2/6/20,0,0,0,5,0,0,0,0,1
canada,2/7/20,0,0,0,5,0,0,0,-0.2,1
canada,2/8/20,0,0,0,5,0,0,0,-0.2,1
canada,2/9/20,2,0,0,7,0,0,2,0.6,1
canada,2/10/20,0,0,0,7,0,0,0,0.4,1
canada,2/11/20,0,0,0,7,0,0,0,0.4,1
canada,2/12/20,0,0,0,7,0,0,0,0.4,1
canada,2/13/20,0,0,0,7,0,0,0,0.4,1
canada,2/14/20,0,0,0,7,0,0,0,0,1
canada,2/15/20,0,0,0,7,0,0,0,0,1
canada,2/16/20,1,0,0,8,0,0,1,0.2,1
canada,2/17/20,0,0,0,8,0,0,0,0.2,1
canada,2/18/20,0,0,0,8,0,0,0,0.2,1
canada,2/19/20,0,0,0,8,0,0,0,0.2,1
canada,2/20/20,0,0,1,8,0,0,-1,0,0.090909091
canada,2/21/20,1,0,1,9,0,0,0,-0.2,0.090909091
canada,2/22/20,1,0,0,10,0,0,1,0,1
canada,2/23/20,0,0,0,10,0,0,0,0,1
canada,2/24/20,1,0,0,11,0,0,1,0.2,1
canada,2/25/20,0,0,0,11,0,0,0,0.4,1
canada,2/26/20,1,0,0,12,0,0,1,0.6,1
canada,2/27/20,2,0,0,14,0,0,2,0.8,1
canada,2/28/20,2,0,0,16,0,0,2,1.2,1
canada,2/29/20,4,0,0,20,0,0,4,1.8,1
canada,3/1/20,4,0,0,24,0,0,4,2.6,1
canada,3/2/20,3,0,0,27,0,0,3,3,1
canada,3/3/20,6,0,0,33,0,0,6,3.8,1
canada,3/4/20,1,0,0,34,0,0,1,3.6,1
canada,3/5/20,13,0,1,47,0,0,12,5.2,0.090909091
canada,3/6/20,7,0,0,54,0,0,7,5.8,1
canada,3/7/20,6,0,0,60,0,0,6,6.4,1
canada,3/8/20,6,1,0,66,1,0.015151515,6,6.4,11
canada,3/9/20,12,0,3,78,1,0.012820513,9,8,0.032258065
canada,3/10/20,17,0,0,95,1,0.010526316,17,9,1
canada,3/11/20,23,0,1,118,1,0.008474576,22,12,0.090909091
canada,3/12/20,40,0,2,158,1,0.006329114,38,18.4,0.047619048
canada,3/13/20,42,0,0,200,1,0.005,42,25.6,1
canada,3/14/20,53,0,0,253,1,0.003952569,53,34.4,1
canada,3/15/20,88,0,0,341,1,0.002932551,88,48.6,1
canada,3/16/20,100,3,0,441,4,0.009070295,100,64.2,31
canada,3/17/20,157,4,1,598,8,0.013377926,156,87.8,3.727272727
canada,3/18/20,129,1,0,727,9,0.012379642,129,105.2,11
canada,3/19/20,146,3,0,873,12,0.013745704,146,123.8,31
canada,3/20/20,214,0,2,1087,12,0.011039558,212,148.6,0.047619048
canada,3/21/20,244,8,0,1331,20,0.015026296,244,177.4,81
canada,3/22/20,141,1,0,1472,21,0.014266304,141,174.4,11
canada,3/23/20,619,3,96,2091,24,0.011477762,523,253.2,0.032258065
canada,3/24/20,701,2,2,2792,26,0.009312321,699,363.8,1
canada,3/25/20,617,10,73,3409,36,0.010560282,544,430.2,0.138166895
canada,3/26/20,634,4,17,4043,40,0.009893643,617,504.8,0.239766082
canada,3/27/20,714,15,152,4757,55,0.011561909,562,589,0.099276792
canada,3/28/20,898,6,154,5655,61,0.010786914,744,633.2,0.039584685
canada,3/29/20,665,4,65,6320,65,0.01028481,600,613.4,0.062980031
canada,3/30/20,"1,154",27,541,7474,92,0.012309339,613,627.2,0.050083164
canada,3/31/20,"1,138",10,478,8612,102,0.011843939,660,635.8,0.021125288
canada,4/1/20,"1,119",27,144,9731,129,0.013256603,975,718.4,0.188063845
canada,4/2/20,"1,553",10,243,11284,139,0.012318327,1310,831.6,0.041546689
canada,4/3/20,"1,265",69,342,12549,208,0.016575026,923,896.2,0.201987723
canada,4/4/20,"1,469",26,316,14018,234,0.016692824,1153,1004.2,0.082568807
canada,4/5/20,"1,922",47,444,15940,281,0.017628607,1478,1167.8,0.106057194
canada,4/6/20,727,42,535,16667,323,0.019379612,192,1011.2,0.078676883
canada,4/7/20,"1,230",58,431,17897,381,0.021288484,799,909,0.134771515
canada,4/8/20,"1,394",55,599,19291,436,0.022601213,795,883.4,0.09197129
canada,4/9/20,"1,474",88,665,20765,524,0.02523477,809,814.6,0.132461284
canada,4/10/20,"1,383",46,702,22148,570,0.025735958,681,655.2,0.065660162
canada,4/11/20,"1,170",84,637,23318,654,0.028047002,533,723.4,0.132004395
canada,4/12/20,"1,065",63,522,24383,717,0.029405734,543,672.2,0.120858073
canada,4/13/20,"1,298",64,586,25681,781,0.030411588,712,655.6,0.109367002
canada,4/14/20,"1,383",122,477,27064,903,0.033365356,906,675,0.255921191
canada,4/15/20,"1,315",107,744,28379,1010,0.035589697,571,653,0.143932267
canada,4/16/20,"2,594",222,750,30973,1232,0.03977658,1844,915.2,0.296093854
canada,4/17/20,"1,884",125,830,32857,1357,0.04130018,1054,1017.4,0.150704734
canada,4/18/20,"1,529",164,657,34386,1521,0.044233118,872,1049.4,0.249733678
canada,4/19/20,"1,653",105,636,36039,1626,0.045117789,1017,1071.6,0.165225593
canada,4/20/20,"1,894",128,895,37933,1754,0.046239422,999,1157.2,0.143112501
canada,4/21/20,"1,472",162,443,39405,1916,0.048623271,1029,994.2,0.365831641
canada,4/22/20,"2,258",165,"1,300",41663,2081,0.049948395,958,975,0.126990232
canada,4/23/20,"1,636",160,271,43299,2241,0.051756392,1365,1073.6,0.59055699
canada,4/24/20,"1,620",161,780,44919,2402,0.053474031,840,1038.2,0.206511986
canada,4/25/20,"1,452",169,884,46371,2571,0.055444135,568,952,0.191267956
canada,4/26/20,"1,662",116,897,48033,2687,0.055940707,765,899.2,0.12941701
canada,4/27/20,"1,583",154,946,49616,2841,0.057259755,637,835,0.162879188
canada,4/28/20,"1,534",142,963,51150,2983,0.058318671,571,676.2,0.147544388
canada,4/29/20,"1,715",172,"1,096",52865,3155,0.059680318,619,632,0.157011222
canada,4/30/20,"1,593",155,"1,097",54458,3310,0.060780785,496,617.6,0.14137271
canada,5/1/20,"1,886",227,"1,340",56344,3537,0.062775096,546,573.8,0.169464965
canada,5/2/20,"1,584",147,"1,050",57928,3684,0.063596188,534,553.2,0.140081897
canada,5/3/20,"2,577",111,"1,107",60505,3795,0.062722089,1470,733,0.100352272
canada,5/4/20,"1,452",208,"1,109",61957,4003,0.064609326,343,677.8,0.18762961
canada,5/5/20,"1,258",187,976,63215,4190,0.066281737,282,635,0.19168118
canada,5/6/20,"1,479",176,"1,178",64694,4366,0.067486939,301,586,0.149477973
canada,5/7/20,"1,507",175,"1,076",66201,4541,0.06859413,431,565.4,0.16271722
canada,5/8/20,"1,473",156,"1,146",67674,4697,0.069406271,327,336.8,0.13620103
canada,5/9/20,"1,244",126,856,68918,4823,0.069981717,388,345.8,0.147295877
canada,5/10/20,"1,173",168,847,70091,4991,0.07120743,326,354.6,0.198441742
canada,5/11/20,"1,173",125,898,71264,5116,0.071789403,275,349.4,0.139294065
canada,5/12/20,"1,155",184,"1,048",72419,5300,0.073185214,107,284.6,0.175651178
canada,5/13/20,"1,149",125,"1,122",73568,5425,0.073741301,27,224.6,0.11148739
canada,5/14/20,"1,214",167,927,74782,5592,0.074777353,287,204.4,0.180239456
canada,5/15/20,"1,181",88,804,75963,5680,0.074773245,377,214.6,0.109563487
canada,5/16/20,"1,243",120,924,77206,5800,0.075123695,319,223.4,0.12996429
canada,5/17/20,"1,126",103,731,78332,5903,0.07535873,395,281,0.14102038
canada,5/18/20,"1,079",57,688,79411,5960,0.075052575,391,353.8,0.082982125
canada,5/19/20,"1,087",68,818,80498,6028,0.074883848,269,350.2,0.083241657
canada,5/20/20,"1,077",122,724,81575,6150,0.075390745,353,345.4,0.168623118
canada,5/21/20,"1,175",117,938,82750,6267,0.075734139,237,329,0.124826778
canada,5/22/20,"1,197",93,877,83947,6360,0.075762088,320,314,0.106145251
canada,5/23/20,"1,204",106,710,85151,6466,0.075935691,494,334.6,0.149415575
canada,5/24/20,955,68,680,86106,6534,0.075883214,275,335.8,0.100132333
canada,5/25/20,"1,016",121,653,87122,6655,0.076387135,363,337.8,0.185423365
canada,5/26/20,968,98,701,88090,6753,0.076660234,267,343.8,0.139922978
canada,5/27/20,899,123,896,88989,6876,0.077267977,3,280.4,0.137373061
canada,5/28/20,987,106,713,89976,6982,0.077598471,274,236.4,0.148786986
canada,5/29/20,933,81,944,90909,7063,0.077693078,-11,179.2,0.085901917
canada,5/30/20,772,96,612,91681,7159,0.078085972,160,138.6,0.15700049
canada,5/31/20,798,215,696,92479,7374,0.079737021,102,105.6,0.309007327
canada,6/1/20,809,30,878,93288,7404,0.079367121,-69,91.2,0.034278556
canada,6/2/20,672,73,634,93960,7477,0.079576415,38,44,0.115281501
canada,6/3/20,681,102,781,94641,7579,0.080081571,-100,26.2,0.130713097
canada,6/4/20,628,138,678,95269,7717,0.081002215,-50,-15.8,0.203657278
canada,6/5/20,678,61,890,95947,7778,0.081065588,-212,-78.6,0.068643973
canada,6/6/20,528,71,"1,013",96475,7849,0.081357865,-485,-161.8,0.070180634
canada,6/7/20,703,27,588,97178,7876,0.081047151,115,-146.4,0.046080599
canada,6/8/20,601,34,668,97779,7910,0.080896716,-67,-139.8,0.051040263
canada,6/9/20,462,60,778,98241,7970,0.081127024,-316,-193,0.077239429
canada,6/10/20,479,68,"1,094",98720,8038,0.081422204,-615,-273.6,0.062242939
canada,6/11/20,439,32,916,99159,8070,0.081384443,-477,-272,0.035039843
canada,6/12/20,436,54,903,99595,8124,0.08157036,-467,-388.4,0.059904772
canada,6/13/20,448,58,817,100043,8182,0.081784833,-369,-448.8,0.071105128
canada,6/14/20,361,35,817,100404,8217,0.081839369,-456,-476.8,0.042956798
canada,6/15/20,359,10,798,100763,8227,0.081647033,-439,-441.6,0.012655056
canada,6/16/20,324,43,433,101087,8270,0.081810718,-109,-368,0.099515124
canada,6/17/20,404,41,"1,381",101491,8311,0.081889034,-977,-470,0.029758888
canada,6/18/20,388,49,502,101879,8360,0.082058128,-114,-419,0.097789285
canada,6/19/20,435,47,536,102314,8407,0.082168618,-101,-348,0.087856743
canada,6/20/20,448,58,508,102762,8465,0.082374808,-60,-272.2,0.114347569
canada,6/21/20,316,16,423,103078,8481,0.082277499,-107,-271.8,0.03805247
canada,6/22/20,340,12,472,103418,8493,0.082123035,-132,-102.8,0.025630163
canada,6/23/20,349,18,414,103767,8511,0.082020295,-65,-93,0.043709249
canada,6/24/20,320,32,398,104087,8543,0.082075571,-78,-88.4,0.080633007
canada,6/25/20,376,23,336,104463,8566,0.082000325,40,-68.4,0.068729545
canada,6/26/20,166,4,313,104629,8570,0.081908458,-147,-76.4,0.013094858
canada,6/27/20,180,5,205,104809,8575,0.081815493,-25,-55,0.024865919
canada,6/28/20,384,6,302,105193,8581,0.081573869,82,-25.6,0.020191989
canada,6/29/20,637,46,"1,009",105830,8627,0.081517528,-372,-84.4,0.045684273
canada,6/30/20,267,22,422,106097,8649,0.081519741,-155,-123.4,0.052357261
canada,7/1/20,191,28,277,106288,8677,0.081636685,-86,-111.2,0.101407434
canada,7/2/20,355,22,475,106643,8699,0.081571224,-120,-130.2,0.046516523