Country,Date,Confirmed Cases,Deaths,Recovered,Cumulative confirmed cases,Cumulative deaths,case-fatality ratio,net new confirmed,net new confirmed moving average,medical power
germany,1/20/20,,,,,,,,,
germany,1/21/20,,,,,,,,,
germany,1/22/20,,,,,,,,,
germany,1/23/20,,,,,,,,,
germany,1/24/20,,,,,,,,,
germany,1/25/20,,,,,,,,,
germany,1/26/20,,,,,,,,,
germany,1/27/20,,,,,,,,,
germany,1/28/20,1,0,0,1,0,0,1,,1
germany,1/29/20,3,0,0,4,0,0,3,,1
germany,1/30/20,0,0,0,4,0,0,0,,1
germany,1/31/20,1,0,0,5,0,0,1,,1
germany,2/1/20,2,0,0,7,0,0,2,1.4,1
germany,2/2/20,1,0,0,8,0,0,1,1.4,1
germany,2/3/20,0,0,0,8,0,0,0,0.8,1
germany,2/4/20,4,0,0,12,0,0,4,1.6,1
germany,2/5/20,0,0,0,12,0,0,0,1.4,1
germany,2/6/20,0,0,0,12,0,0,0,1,1
germany,2/7/20,1,0,0,13,0,0,1,1,1
germany,2/8/20,0,0,0,13,0,0,0,1,1
germany,2/9/20,1,0,0,14,0,0,1,0.4,1
germany,2/10/20,0,0,0,14,0,0,0,0.4,1
germany,2/11/20,0,0,0,14,0,0,0,0.4,1
germany,2/12/20,2,0,0,16,0,0,2,0.6,1
germany,2/13/20,0,0,0,16,0,0,0,0.6,1
germany,2/14/20,0,0,1,16,0,0,-1,0.2,0.090909091
germany,2/15/20,0,0,0,16,0,0,0,0.2,1
germany,2/16/20,0,0,2,16,0,0,-2,-0.2,0.047619048
germany,2/17/20,0,0,4,16,0,0,-4,-1.4,0.024390244
germany,2/18/20,0,0,2,16,0,0,-2,-1.8,0.047619048
germany,2/19/20,0,0,4,16,0,0,-4,-2.4,0.024390244
germany,2/20/20,0,0,0,16,0,0,0,-2.4,1
germany,2/21/20,0,0,1,16,0,0,-1,-2.2,0.090909091
germany,2/22/20,0,0,0,16,0,0,0,-1.4,1
germany,2/23/20,0,0,0,16,0,0,0,-1,1
germany,2/24/20,0,0,0,16,0,0,0,-0.2,1
germany,2/25/20,2,0,1,18,0,0,1,0,0.090909091
germany,2/26/20,9,0,0,27,0,0,9,2,1
germany,2/27/20,21,0,1,48,0,0,20,6,0.090909091
germany,2/28/20,14,0,0,62,0,0,14,8.8,1
germany,2/29/20,53,0,0,115,0,0,53,19.4,1
germany,3/1/20,25,0,0,140,0,0,25,24.2,1
germany,3/2/20,41,0,0,181,0,0,41,30.6,1
germany,3/3/20,38,0,0,219,0,0,38,34.2,1
germany,3/4/20,125,0,0,344,0,0,125,56.4,1
germany,3/5/20,201,0,0,545,0,0,201,86,1
germany,3/6/20,143,0,2,688,0,0,141,109.2,0.047619048
germany,3/7/20,148,0,0,836,0,0,148,130.6,1
germany,3/8/20,204,0,0,1040,0,0,204,163.8,1
germany,3/9/20,184,2,0,1224,2,0.001633987,184,175.6,21
germany,3/10/20,341,0,0,1565,2,0.001277955,341,203.6,1
germany,3/11/20,401,1,7,1966,3,0.001525941,394,254.2,0.154929577
germany,3/12/20,779,3,0,2745,6,0.002185792,779,380.4,31
germany,3/13/20,930,2,21,3675,8,0.002176871,909,521.4,0.099526066
germany,3/14/20,910,1,0,4585,9,0.001962923,910,666.6,11
germany,3/15/20,"1,228",4,0,5813,13,0.002236367,1228,844,41
germany,3/16/20,"1,459",4,21,7272,17,0.002337734,1438,1052.8,0.194312796
germany,3/17/20,"2,088",9,4,9360,26,0.002777778,2084,1313.8,2.219512195
germany,3/18/20,"2,967",2,34,12327,28,0.002271437,2933,1718.6,0.061583578
germany,3/19/20,"2,993",16,10,15320,44,0.002872063,2983,2133.2,1.594059406
germany,3/20/20,"4,528",24,65,19848,68,0.003426038,4463,2780.2,0.370199693
germany,3/21/20,"2,578",16,59,22426,84,0.003745652,2519,2996.4,0.272419628
germany,3/22/20,"2,977",11,27,25403,95,0.003739716,2950,3169.6,0.409594096
germany,3/23/20,"3,879",28,187,29282,123,0.004200533,3692,3321.4,0.150187066
germany,3/24/20,"4,134",36,"2,837",33416,159,0.0047582,1297,2984.2,0.012724261
germany,3/25/20,"7,839",65,257,41255,224,0.005429645,7582,3608,0.253208868
germany,3/26/20,"6,023",57,"2,131",47278,281,0.005943568,3892,3882.6,0.026793675
germany,3/27/20,"6,021",70,"1,254",53299,351,0.006585489,4767,4246,0.055896659
germany,3/28/20,"4,838",129,"1,549",58137,480,0.00825636,3289,4165.4,0.083338713
germany,3/29/20,"4,303",65,810,62440,545,0.008728379,3493,4604.6,0.080360449
germany,3/30/20,"4,611",105,"4,209",67051,650,0.009694113,402,3168.6,0.024969708
germany,3/31/20,"4,766",148,"2,600",71817,798,0.011111575,2166,2823.4,0.056959348
germany,4/1/20,"6,164",135,"3,075",77981,933,0.011964453,3089,2487.8,0.043933531
germany,4/2/20,"6,813",188,"3,265",84794,1121,0.013220275,3548,2539.6,0.057609262
germany,4/3/20,"6,365",185,"2,541",91159,1306,0.014326616,3824,2605.8,0.07284247
germany,4/4/20,"4,949",140,"1,419",96108,1446,0.015045574,3530,3231.4,0.098724544
germany,4/5/20,"4,024",138,"2,300",100132,1584,0.015819119,1724,3143,0.060040868
germany,4/6/20,"3,351",234,"7,381",103483,1818,0.017568103,-4030,1719.2,0.03171614
germany,4/7/20,"4,343",223,"2,206",107826,2041,0.018928644,2137,1437,0.101128689
germany,4/8/20,"5,470",308,"8,013",113296,2349,0.0207333,-2543,163.6,0.038449539
germany,4/9/20,"4,939",258,"6,107",118235,2607,0.022049309,-1168,-776,0.042262285
germany,4/10/20,"4,097",160,"3,573",122332,2767,0.022618775,524,-1016,0.04480703
germany,4/11/20,"3,479",107,"2,210",125811,2874,0.022843789,1269,43.8,0.048459346
germany,4/12/20,"2,121",167,"2,110",127932,3041,0.023770441,11,-381.4,0.07919056
germany,4/13/20,"2,230",172,"4,000",130162,3213,0.024684624,-1770,-226.8,0.043023924
germany,4/14/20,"2,116",305,"3,900",132278,3518,0.026595503,-1784,-350,0.078228763
germany,4/15/20,"2,795",322,"4,400",135073,3840,0.028429072,-1605,-775.8,0.073202882
germany,4/16/20,"3,350",281,"9,200",138423,4121,0.029771064,-5850,-2199.6,0.030554016
germany,4/17/20,"3,034",260,"1,314",141457,4381,0.030970542,1720,-1857.8,0.197930142
germany,4/18/20,"2,529",213,"2,286",143986,4594,0.03190588,243,-1455.2,0.09321552
germany,4/19/20,"1,756",105,"2,600",145742,4699,0.032241907,-844,-1267.2,0.040421522
germany,4/20/20,"1,586",213,"7,200",147328,4912,0.033340573,-5614,-2069,0.029596811
germany,4/21/20,"1,677",223,"4,200",149005,5135,0.034461931,-2523,-1403.6,0.053117783
germany,4/22/20,"2,172",250,"3,900",151177,5385,0.035620498,-1728,-2093.2,0.064126561
germany,4/23/20,"2,466",231,"3,500",153643,5616,0.036552267,-1034,-2348.6,0.066026685
germany,4/24/20,"1,953",221,"3,000",155596,5837,0.037513818,-1047,-2389.2,0.073697543
germany,4/25/20,"1,835",133,0,157431,5970,0.037921375,1835,-899.4,1331
germany,4/26/20,816,76,"4,700",158247,6046,0.038206096,-3884,-1171.6,0.016191145
germany,4/27/20,856,146,0,159103,6192,0.038918185,856,-654.8,1461
germany,4/28/20,"1,380",197,"5,900",160483,6389,0.03981107,-4520,-1352,0.033406213
germany,4/29/20,"1,608",184,"3,100",162091,6573,0.040551295,-1492,-1441,0.059385181
germany,4/30/20,"1,601",172,0,163692,6745,0.041205435,1601,-1487.8,1721
germany,5/1/20,"1,105",125,"3,400",164797,6870,0.041687652,-2295,-1170,0.036793035
germany,5/2/20,813,67,"3,700",165610,6937,0.041887567,-2887,-1918.6,0.018134645
germany,5/3/20,710,66,"2,100",166320,7003,0.04210558,-1390,-1292.6,0.031474692
germany,5/4/20,287,107,"2,400",166607,7110,0.042675278,-2113,-1416.8,0.044623141
germany,5/5/20,"1,058",134,178,167665,7244,0.043205201,880,-1561,0.752947782
germany,5/6/20,"1,187",159,"4,622",168852,7403,0.043843129,-3435,-1789,0.034421583
germany,5/7/20,"1,282",108,"1,800",170134,7511,0.044147554,-518,-1315.2,0.060052219
germany,5/8/20,"1,161",97,"1,600",171295,7608,0.044414606,-439,-1125,0.060683707
germany,5/9/20,780,49,70,172075,7657,0.044498039,710,-560.4,0.70042796
germany,5/10/20,583,20,"2,230",172658,7677,0.044463622,-1647,-1065.8,0.009013049
germany,5/11/20,620,83,17,173278,7760,0.044783527,603,-258.2,4.859649123
germany,5/12/20,727,118,"1,681",174005,7878,0.045274561,-954,-345.4,0.070251621
germany,5/13/20,819,93,"1,402",174824,7971,0.045594426,-583,-374.2,0.066400399
germany,5/14/20,188,81,"3,000",175012,8052,0.046008274,-2812,-1078.6,0.027032432
germany,5/15/20,"1,340",74,0,176352,8126,0.046078298,1340,-481.2,741
germany,5/16/20,499,27,900,176851,8153,0.046100955,-401,-682,0.030107766
germany,5/17/20,464,19,"2,000",177315,8172,0.046087471,-1536,-798.4,0.009549523
germany,5/18/20,576,66,441,177891,8238,0.046309257,135,-654.8,0.149852641
germany,5/19/20,542,66,659,178433,8304,0.046538477,-117,-115.8,0.100288272
germany,5/20/20,702,61,"1,266",179135,8365,0.046696625,-564,-496.6,0.048258431
germany,5/21/20,571,38,"2,034",179706,8403,0.046759708,-1463,-709,0.018730643
germany,5/22/20,639,36,64,180345,8439,0.046793646,575,-286.8,0.563182527
germany,5/23/20,317,20,"1,236",180662,8459,0.046822243,-919,-497.6,0.01626082
germany,5/24/20,341,17,"1,575",181003,8476,0.046827953,-1234,-721,0.010856454
germany,5/25/20,385,42,773,181388,8518,0.046960108,-388,-685.8,0.054456086
germany,5/26/20,431,58,"1,033",181819,8576,0.047167788,-602,-513.6,0.056238505
germany,5/27/20,629,41,0,182448,8617,0.047229896,629,-502.8,411
germany,5/28/20,570,48,0,183018,8665,0.04734507,570,-205,481
germany,5/29/20,566,26,"1,148",183584,8691,0.047340727,-582,-74.6,0.022733211
germany,5/30/20,322,10,397,183906,8701,0.047312214,-75,-12,0.025434399
germany,5/31/20,245,5,674,184151,8706,0.04727642,-429,22.6,0.007565643
germany,6/1/20,198,12,528,184349,8718,0.047290737,-330,-169.2,0.022912327
germany,6/2/20,302,30,181,184651,8748,0.04737586,121,-259,0.166206516
germany,6/3/20,317,31,"1,176",184968,8779,0.047462264,-859,-314.4,0.02644333
germany,6/4/20,515,34,124,185483,8813,0.047513788,391,-221.2,0.274778405
germany,6/5/20,461,28,591,185944,8841,0.047546573,-130,-161.4,0.047538488
germany,6/6/20,265,16,458,186209,8857,0.047564833,-193,-134,0.035145165
germany,6/7/20,271,8,591,186480,8865,0.04753861,-320,-222.2,0.013703265
germany,6/8/20,288,26,585,186768,8891,0.047604515,-297,-109.8,0.044607759
germany,6/9/20,295,27,537,187063,8918,0.047673778,-242,-236.4,0.050456153
germany,6/10/20,446,18,375,187509,8936,0.047656379,71,-196.2,0.048253799
germany,6/11/20,317,11,476,187826,8947,0.047634513,-159,-189.4,0.02331443
germany,6/12/20,406,8,375,188232,8955,0.04757427,31,-119.2,0.021594242
germany,6/13/20,208,6,73,188440,8961,0.047553598,135,-32.8,0.083447332
germany,6/14/20,218,3,643,188658,8964,0.04751455,-425,-69.4,0.004820401
germany,6/15/20,168,13,457,188826,8977,0.047541123,-289,-141.4,0.028658937
germany,6/16/20,135,24,487,188961,9001,0.047634168,-352,-180,0.049476494
germany,6/17/20,"1,218",25,447,190179,9026,0.04746055,771,-32,0.056139566
germany,6/18/20,60,17,372,190239,9043,0.047534943,-312,-121.4,0.045955388
germany,6/19/20,421,11,324,190660,9054,0.047487674,97,-17,0.034248689
germany,6/20/20,654,3,200,191314,9057,0.047341021,454,131.6,0.015492254
germany,6/21/20,359,1,395,191673,9058,0.047257569,-36,194.8,0.002784105
germany,6/22/20,578,6,405,192251,9064,0.047146699,173,75.2,0.01505801
germany,6/23/20,635,19,600,192886,9083,0.047089991,35,144.6,0.031828029
germany,6/24/20,582,11,432,193468,9094,0.047005189,150,155.2,0.025688498
germany,6/25/20,469,11,368,193937,9105,0.046948236,101,84.6,0.030154849
germany,6/26/20,586,19,344,194523,9124,0.046904479,242,140.2,0.05550712
germany,6/27/20,357,2,222,194880,9126,0.046828818,135,132.6,0.0094552
germany,6/28/20,272,1,434,195152,9127,0.046768673,-162,93.2,0.002533978
germany,6/29/20,377,15,"1,000",195529,9142,0.046755213,-623,-61.4,0.01509849
germany,6/30/20,430,6,700,195959,9148,0.046683235,-270,-135.6,0.008713041
germany,7/1/20,510,10,500,196469,9158,0.046612952,10,-182,0.020195961
germany,7/2/20,476,8,700,196945,9166,0.046540912,-224,-253.8,0.011569776