Country,Date,Confirmed Cases,Deaths,Recovered,Cumulative confirmed cases,Cumulative deaths,case-fatality ratio,net new confirmed,net new confirmed moving average,medical power
italy,2020-01-20,,,,,,,,,
italy,2020-01-21,,,,,,,,,
italy,2020-01-22,,,,,,,,,
italy,2020-01-23,,,,,,,,,
italy,2020-01-24,,,,,,,,,
italy,2020-01-25,,,,,,,,,
italy,2020-01-26,,,,,,,,,
italy,2020-01-27,,,,,,,,,
italy,2020-01-28,,,,,,,,,
italy,2020-01-29,,,,,,,,,
italy,2020-01-30,,,,,,,,,
italy,2020-01-31,2,0,0,2,0,0,2,,1
italy,2020-02-01,0,0,0,2,0,0,0,,1
italy,2020-02-02,0,0,0,2,0,0,0,,1
italy,2020-02-03,0,0,0,2,0,0,0,,1
italy,2020-02-04,0,0,0,2,0,0,0,0.4,1
italy,2020-02-05,0,0,0,2,0,0,0,0,1
italy,2020-02-06,0,0,0,2,0,0,0,0,1
italy,2020-02-07,1,0,0,3,0,0,1,0.2,1
italy,2020-02-08,0,0,0,3,0,0,0,0.2,1
italy,2020-02-09,0,0,0,3,0,0,0,0.2,1
italy,2020-02-10,0,0,0,3,0,0,0,0.2,1
italy,2020-02-11,0,0,0,3,0,0,0,0.2,1
italy,2020-02-12,0,0,0,3,0,0,0,0,1
italy,2020-02-13,0,0,0,3,0,0,0,0,1
italy,2020-02-14,0,0,0,3,0,0,0,0,1
italy,2020-02-15,0,0,0,3,0,0,0,0,1
italy,2020-02-16,0,0,0,3,0,0,0,0,1
italy,2020-02-17,0,0,0,3,0,0,0,0,1
italy,2020-02-18,0,0,0,3,0,0,0,0,1
italy,2020-02-19,0,0,0,3,0,0,0,0,1
italy,2020-02-20,0,0,0,3,0,0,0,0,1
italy,2020-02-21,17,1,0,20,1,0.05,17,3.4,11
italy,2020-02-22,59,1,0,79,2,0.025316456,59,15.2,11
italy,2020-02-23,78,1,0,157,3,0.01910828,78,30.8,11
italy,2020-02-24,72,4,1,229,7,0.030567686,71,45,3.727272727
italy,2020-02-25,94,3,0,323,10,0.030959752,94,63.8,31
italy,2020-02-26,147,2,2,470,12,0.025531915,145,89.4,1
italy,2020-02-27,185,5,42,655,17,0.025954198,143,106.2,0.121140143
italy,2020-02-28,233,4,1,888,21,0.023648649,232,137,3.727272727
italy,2020-02-29,240,8,4,1128,29,0.02570922,236,170,1.975609756
italy,2020-03-01,585,5,33,1713,34,0.019848219,552,261.6,0.15407855
italy,2020-03-02,371,18,66,2084,52,0.024952015,305,293.6,0.273827534
italy,2020-03-03,462,27,11,2546,79,0.031029065,451,355.2,2.441441441
italy,2020-03-04,598,28,116,3144,107,0.034033079,482,405.2,0.24203273
italy,2020-03-05,783,41,138,3927,148,0.037687802,645,487,0.297610427
italy,2020-03-06,753,49,109,4680,197,0.042094017,644,505.4,0.45004583
italy,2020-03-07,"1,332",36,66,6012,233,0.038755822,1266,697.6,0.546142209
italy,2020-03-08,"1,412",133,33,7424,366,0.049299569,1379,883.2,4.021148036
italy,2020-03-09,"1,796",97,102,9220,463,0.05021692,1694,1125.6,0.951028404
italy,2020-03-10,"1,063",168,280,10283,631,0.061363415,783,1153.2,0.600142806
italy,2020-03-11,"2,315",196,41,12598,827,0.065645341,2274,1479.2,4.771289538
italy,2020-03-12,"2,787",189,213,15385,1016,0.066038349,2574,1740.8,0.887376818
italy,2020-03-13,"2,275",250,181,17660,1266,0.071687429,2094,1883.8,1.38100497
italy,2020-03-14,"3,610",175,527,21270,1441,0.067748002,3083,2161.6,0.332195029
italy,2020-03-15,"3,668",368,369,24938,1809,0.072539899,3299,2664.8,0.997290707
italy,2020-03-16,"3,042",349,414,27980,2158,0.077126519,2628,2735.6,0.843033084
italy,2020-03-17,"4,297",345,192,32277,2503,0.07754748,4105,3041.8,1.796460177
italy,2020-03-18,"4,178",475,"1,084",36455,2978,0.081689754,3094,3241.8,0.438243704
italy,2020-03-19,"4,580",427,415,41035,3405,0.082977946,4165,3458.2,1.028908697
italy,2020-03-20,"5,986",627,689,47021,4032,0.085748921,5297,3857.8,0.910027572
italy,2020-03-21,"6,557",793,943,53578,4825,0.09005562,5614,4455,0.840950058
italy,2020-03-22,"5,560",651,952,59138,5476,0.092596977,4608,4555.6,0.683856738
italy,2020-03-23,"4,789",601,408,63927,6077,0.095061555,4381,4813,1.472923303
italy,2020-03-24,"5,249",743,894,69176,6820,0.098589106,4355,4851,0.831115088
italy,2020-03-25,"5,210",683,"1,036",74386,7503,0.100865754,4174,4626.4,0.659299295
italy,2020-03-26,"6,203",662,999,80589,8165,0.101316557,5204,4544.4,0.662696427
italy,2020-03-27,"5,909",969,589,86498,9134,0.105597817,5320,4686.8,1.645051774
italy,2020-03-28,"5,974",889,"1,434",92472,10023,0.108389567,4540,4718.6,0.619970713
italy,2020-03-29,"5,217",756,646,97689,10779,0.110339956,4571,4761.8,1.170252283
italy,2020-03-30,"4,050",812,"1,590",101739,11591,0.113928779,2460,4419,0.510722596
italy,2020-03-31,"4,053",837,"1,109",105792,12428,0.117475802,2944,3967,0.754756109
italy,2020-04-01,"4,782",727,"1,118",110574,13155,0.118970101,3664,3635.8,0.650299615
italy,2020-04-02,"4,668",760,"1,431",115242,13915,0.120745909,3237,3375.2,0.5311299
italy,2020-04-03,"4,585",766,"1,480",119827,14681,0.122518297,3105,3082,0.517600162
italy,2020-04-04,"4,805",681,"1,238",124632,15362,0.123258874,3567,3303.4,0.550117115
italy,2020-04-05,"4,316",525,819,128948,15887,0.123204703,3497,3414,0.641069466
italy,2020-04-06,"3,599",636,"1,022",132547,16523,0.124657669,2577,3196.6,0.62234615
italy,2020-04-07,"3,039",604,"1,555",135586,17127,0.126318351,1484,2846,0.388463764
italy,2020-04-08,"3,836",542,"2,099",139422,17669,0.126730358,1737,2572.4,0.258253537
italy,2020-04-09,"4,204",610,"1,979",143626,18279,0.127268043,2225,2304,0.308271437
italy,2020-04-10,"3,951",570,"1,985",147577,18849,0.127723155,1966,1997.8,0.287189562
italy,2020-04-11,"4,694",619,"2,079",152271,19468,0.127851002,2615,2005.4,0.297773075
italy,2020-04-12,"4,092",431,"1,677",156363,19899,0.127261564,2415,2191.6,0.257050862
italy,2020-04-13,"3,153",566,"1,224",159516,20465,0.12829434,1929,2230,0.462462217
italy,2020-04-14,"2,972",602,"1,695",162488,21067,0.129652651,1277,2040.4,0.355200283
italy,2020-04-15,"2,667",578,962,165155,21645,0.131058702,1705,1988.2,0.60087309
italy,2020-04-16,"3,786",525,"2,072",168941,22170,0.131229246,1714,1808,0.253414411
italy,2020-04-17,"3,493",575,"2,563",172434,22745,0.131905541,930,1511,0.224376731
italy,2020-04-18,"3,491",482,"2,200",175925,23227,0.132027853,1291,1383.4,0.219126403
italy,2020-04-19,"3,047",433,"2,128",178972,23660,0.13219945,919,1311.8,0.203514872
italy,2020-04-20,"2,256",454,"1,822",181228,24114,0.133058909,434,1057.6,0.249217935
italy,2020-04-21,"2,729",534,"2,723",183957,24648,0.133987834,6,716,0.196136756
italy,2020-04-22,"3,370",437,"2,943",187327,25085,0.133910221,427,615.4,0.14851687
italy,2020-04-23,"2,646",464,"3,033",189973,25549,0.134487532,-387,279.8,0.15301177
italy,2020-04-24,"3,021",420,"2,922",192994,25969,0.134558587,99,115.8,0.143766469
italy,2020-04-25,"2,357",415,"2,622",195351,26384,0.135059457,-265,-24,0.158308226
italy,2020-04-26,"2,324",260,"1,808",197675,26644,0.134786898,516,78,0.143852663
italy,2020-04-27,"1,739",333,"1,696",199414,26977,0.135281374,43,1.2,0.196391722
italy,2020-04-28,"2,091",382,"2,317",201505,27359,0.135773306,-226,33.4,0.164904406
italy,2020-04-29,"2,086",323,"2,311",203591,27682,0.135968682,-225,-31.4,0.139803557
italy,2020-04-30,"1,872",285,"4,693",205463,27967,0.136116965,-2821,-542.6,0.060748759
italy,2020-05-01,"1,965",269,"2,304",207428,28236,0.136124342,-339,-713.6,0.116791806
italy,2020-05-02,"1,900",474,"1,665",209328,28710,0.137153176,235,-675.2,0.284727644
italy,2020-05-03,"1,389",174,"1,740",210717,28884,0.137074844,-351,-700.2,0.100051721
italy,2020-05-04,"1,221",195,"1,225",211938,29079,0.13720522,-4,-656,0.159252306
italy,2020-05-05,"1,075",236,"2,352",213013,29315,0.137620709,-1277,-347.2,0.100378385
italy,2020-05-06,"1,444",369,"8,014",214457,29684,0.138414694,-6570,-1593.4,0.046056326
italy,2020-05-07,"1,401",274,"3,031",215858,29958,0.138785683,-1630,-1966.4,0.090429217
italy,2020-05-08,"1,327",243,"2,747",217185,30201,0.139056565,-1420,-2180.2,0.08849332
italy,2020-05-09,"1,083",194,"4,008",218268,30395,0.139255411,-2925,-2764.4,0.048426935
italy,2020-05-10,802,165,"2,155",219070,30560,0.13949879,-1353,-2779.6,0.076608974
italy,2020-05-11,744,179,"1,401",219814,30739,0.139840956,-657,-1597,0.127828135
italy,2020-05-12,"1,402",172,"2,452",221216,30911,0.139732207,-1050,-1481,0.07018474
italy,2020-05-13,888,195,"3,502",222104,31106,0.140051507,-2614,-1719.8,0.055709431
italy,2020-05-14,992,262,"2,747",223096,31368,0.140603148,-1755,-1485.8,0.095409705
italy,2020-05-15,789,242,"4,917",223885,31610,0.141188557,-4128,-2040.8,0.049236338
italy,2020-05-16,875,153,"2,605",224760,31763,0.14131963,-1730,-2255.4,0.058769337
italy,2020-05-17,675,145,"2,366",225435,31908,0.14153969,-1691,-2383.6,0.061324542
italy,2020-05-18,451,99,"2,150",225886,32007,0.141695368,-1699,-2200.6,0.046090879
italy,2020-05-19,813,162,"2,075",226699,32169,0.141901817,-1262,-2102,0.078116717
italy,2020-05-20,665,161,"2,881",227364,32330,0.142194895,-2216,-1719.6,0.055916143
italy,2020-05-21,642,156,"2,278",228006,32486,0.142478707,-1636,-1700.8,0.068522014
italy,2020-05-22,652,130,"2,160",228658,32616,0.142640975,-1508,-1664.2,0.060228693
italy,2020-05-23,669,119,"2,120",229327,32735,0.142743768,-1451,-1614.6,0.056176595
italy,2020-05-24,531,50,"1,639",229858,32785,0.142631538,-1108,-1583.8,0.030565554
italy,2020-05-25,300,92,"1,502",230158,32877,0.14284535,-1202,-1381,0.06131416
italy,2020-05-26,397,78,"2,677",230555,32955,0.142937694,-2280,-1509.8,0.029173359
italy,2020-05-27,584,117,"2,443",231139,33072,0.143082734,-1859,-1580,0.047930907
italy,2020-05-28,593,70,"3,503",231732,33142,0.143018659,-2910,-1871.8,0.020010848
italy,2020-05-29,516,87,"2,240",232248,33229,0.143075505,-1724,-1995,0.038882193
italy,2020-05-30,416,111,"2,789",232664,33340,0.143296771,-2373,-2229.2,0.039833638
italy,2020-05-31,355,75,"1,874",233019,33415,0.143400324,-1519,-2077,0.040072568
italy,2020-06-01,178,60,848,233197,33475,0.143548159,-670,-1839.2,0.070864285
italy,2020-06-02,318,55,"1,737",233515,33530,0.143588206,-1419,-1541,0.031719533
italy,2020-06-03,321,71,846,233836,33601,0.143694726,-525,-1301.2,0.08403262
italy,2020-06-04,177,88,957,234013,33689,0.143962088,-780,-982.6,0.092048898
italy,2020-06-05,518,85,"1,886",234531,33774,0.144006549,-1368,-952.4,0.045119559
italy,2020-06-06,270,72,"1,297",234801,33846,0.144147597,-1027,-1023.8,0.055585537
italy,2020-06-07,197,53,759,234998,33899,0.144252292,-562,-852.4,0.069951258
italy,2020-06-08,280,65,747,235278,33964,0.144356888,-467,-840.8,0.087136929
italy,2020-06-09,283,79,"2,062",235561,34043,0.14451883,-1779,-1040.6,0.038358954
italy,2020-06-10,202,71,"1,293",235763,34114,0.144696157,-1091,-985.2,0.054984147
italy,2020-06-11,379,53,"1,399",236142,34167,0.144688365,-1020,-983.8,0.03795297
italy,2020-06-12,163,56,"1,747",236305,34223,0.144825543,-1584,-1188.2,0.032110354
italy,2020-06-13,346,78,"1,780",236651,34301,0.144943398,-1434,-1381.6,0.04387394
italy,2020-06-14,338,44,"1,505",236989,34345,0.144922338,-1167,-1259.2,0.029300379
italy,2020-06-15,301,26,640,237290,34371,0.144848076,-339,-1108.8,0.040774879
italy,2020-06-16,210,34,"1,516",237500,34405,0.144863158,-1306,-1166,0.02249192
italy,2020-06-17,328,43,929,237828,34448,0.144844173,-601,-969.4,0.046388979
italy,2020-06-18,331,66,"1,089",238159,34514,0.14491999,-758,-834.2,0.060692315
italy,2020-06-19,-146,47,"1,363",238013,34561,0.145206354,-1509,-902.6,0.034553591
italy,2020-06-20,262,49,546,238275,34610,0.145252334,-284,-891.6,0.089910273
italy,2020-06-21,227,24,440,238502,34634,0.145214715,-213,-673,0.054760282
italy,2020-06-22,218,23,533,238720,34657,0.145178452,-315,-615.8,0.043331458
italy,2020-06-23,113,18,"1,159",238833,34675,0.145185129,-1046,-673.4,0.015615564
italy,2020-06-24,577,-31,"1,526",239410,34644,0.144705735,-949,-561.4,-0.02024769
italy,2020-06-25,296,34,614,239706,34678,0.144668886,-318,-568.2,0.055528416
italy,2020-06-26,255,30,890,239961,34708,0.144640171,-635,-652.6,0.033816425
italy,2020-06-27,175,8,969,240136,34716,0.144568078,-794,-748.4,0.008358271
italy,2020-06-28,174,22,307,240310,34738,0.14455495,-133,-565.8,0.07196353
italy,2020-06-29,126,6,305,240436,34744,0.144504151,-179,-411.8,0.019993445
italy,2020-06-30,142,23,"1,052",240578,34767,0.144514461,-910,-530.2,0.021956088
italy,2020-07-01,182,21,469,240760,34788,0.144492441,-287,-460.6,0.044979748
italy,2020-07-02,201,30,366,240961,34818,0.144496412,-165,-334.8,0.082217973