Country,Date,Confirmed Cases,Deaths,Recovered,Cumulative confirmed cases,Cumulative deaths,case-fatality ratio,net new confirmed,net new confirmed moving average,medical power
thailand,1/20/20,2,0,0,2,0,0,2,,1
thailand,1/21/20,1,0,0,3,0,0,1,,1
thailand,1/22/20,0,0,0,3,0,0,0,,1
thailand,1/23/20,0,0,0,3,0,0,0,,1
thailand,1/24/20,1,0,0,4,0,0,1,0.8,1
thailand,1/25/20,0,0,0,4,0,0,0,0.4,1
thailand,1/26/20,3,0,0,7,0,0,3,0.8,1
thailand,1/27/20,1,0,0,8,0,0,1,1,1
thailand,1/28/20,6,0,0,14,0,0,6,2.2,1
thailand,1/29/20,0,0,0,14,0,0,0,2,1
thailand,1/30/20,0,0,0,14,0,0,0,2,1
thailand,1/31/20,0,0,0,14,0,0,0,1.4,1
thailand,2/1/20,5,0,0,19,0,0,5,2.2,1
thailand,2/2/20,0,0,0,19,0,0,0,1,1
thailand,2/3/20,0,0,0,19,0,0,0,1,1
thailand,2/4/20,6,0,8,25,0,0,-2,0.6,0.012345679
thailand,2/5/20,0,0,0,25,0,0,0,0.6,1
thailand,2/6/20,0,0,0,25,0,0,0,-0.4,1
thailand,2/7/20,0,0,1,25,0,0,-1,-0.6,0.090909091
thailand,2/8/20,7,0,0,32,0,0,7,0.8,1
thailand,2/9/20,0,0,1,32,0,0,-1,1,0.090909091
thailand,2/10/20,0,0,0,32,0,0,0,1,1
thailand,2/11/20,0,0,0,32,0,0,0,1,1
thailand,2/12/20,1,0,0,33,0,0,1,1.4,1
thailand,2/13/20,0,0,1,33,0,0,-1,-0.2,0.090909091
thailand,2/14/20,0,0,2,33,0,0,-2,-0.4,0.047619048
thailand,2/15/20,1,0,1,34,0,0,0,-0.4,0.090909091
thailand,2/16/20,0,0,1,34,0,0,-1,-0.6,0.090909091
thailand,2/17/20,1,0,0,35,0,0,1,-0.6,1
thailand,2/18/20,0,0,2,35,0,0,-2,-0.8,0.047619048
thailand,2/19/20,0,0,0,35,0,0,0,-0.4,1
thailand,2/20/20,0,0,0,35,0,0,0,-0.4,1
thailand,2/21/20,0,0,2,35,0,0,-2,-0.6,0.047619048
thailand,2/22/20,0,0,1,35,0,0,-1,-1,0.090909091
thailand,2/23/20,0,0,1,35,0,0,-1,-0.8,0.090909091
thailand,2/24/20,0,0,0,35,0,0,0,-0.8,1
thailand,2/25/20,2,0,1,37,0,0,1,-0.6,0.090909091
thailand,2/26/20,3,0,0,40,0,0,3,0.4,1
thailand,2/27/20,0,0,0,40,0,0,0,0.6,1
thailand,2/28/20,1,0,0,41,0,0,1,1,1
thailand,2/29/20,1,0,6,42,0,0,-5,0,0.016393443
thailand,3/1/20,0,1,2,42,1,0.023809524,-2,-0.6,0.523809524
thailand,3/2/20,1,0,1,43,1,0.023255814,0,-1.2,0.090909091
thailand,3/3/20,0,0,0,43,1,0.023255814,0,-1.2,1
thailand,3/4/20,0,0,0,43,1,0.023255814,0,-1.4,1
thailand,3/5/20,4,0,0,47,1,0.021276596,4,0.4,1
thailand,3/6/20,1,0,0,48,1,0.020833333,1,1,1
thailand,3/7/20,2,0,0,50,1,0.02,2,1.4,1
thailand,3/8/20,0,0,0,50,1,0.02,0,1.4,1
thailand,3/9/20,0,0,2,50,1,0.02,-2,1,0.047619048
thailand,3/10/20,3,0,0,53,1,0.018867925,3,0.8,1
thailand,3/11/20,6,0,1,59,1,0.016949153,5,1.6,0.090909091
thailand,3/12/20,11,0,1,70,1,0.014285714,10,3.2,0.090909091
thailand,3/13/20,5,0,0,75,1,0.013333333,5,4.2,1
thailand,3/14/20,7,0,0,82,1,0.012195122,7,6,1
thailand,3/15/20,32,0,2,114,1,0.00877193,30,11.4,0.047619048
thailand,3/16/20,33,0,4,147,1,0.006802721,29,16.2,0.024390244
thailand,3/17/20,30,0,0,177,1,0.005649718,30,20.2,1
thailand,3/18/20,35,0,1,212,1,0.004716981,34,26,0.090909091
thailand,3/19/20,60,0,0,272,1,0.003676471,60,36.6,1
thailand,3/20/20,50,0,1,322,1,0.00310559,49,40.4,0.090909091
thailand,3/21/20,89,0,1,411,1,0.00243309,88,52.2,0.090909091
thailand,3/22/20,188,0,1,599,1,0.001669449,187,83.6,0.090909091
thailand,3/23/20,122,1,7,721,2,0.002773925,115,99.8,0.154929577
thailand,3/24/20,106,2,5,827,4,0.004836759,101,108,0.411764706
thailand,3/25/20,107,0,13,934,4,0.004282655,94,117,0.007633588
thailand,3/26/20,111,0,18,1045,4,0.003827751,93,118,0.005524862
thailand,3/27/20,91,1,9,1136,5,0.004401408,82,97,0.120879121
thailand,3/28/20,109,1,3,1245,6,0.004819277,106,95.2,0.35483871
thailand,3/29/20,143,1,11,1388,7,0.005043228,132,101.4,0.099099099
thailand,3/30/20,136,2,147,1524,9,0.005905512,-11,80.4,0.014276003
thailand,3/31/20,127,1,84,1651,10,0.006056935,43,70.4,0.013079667
thailand,4/1/20,120,2,163,1771,12,0.006775833,-43,45.4,0.012875536
thailand,4/2/20,104,3,0,1875,15,0.008,104,45,31
thailand,4/3/20,103,4,107,1978,19,0.009605662,-4,17.8,0.038281979
thailand,4/4/20,89,1,62,2067,20,0.009675859,27,25.4,0.017713366
thailand,4/5/20,102,3,119,2169,23,0.010603965,-17,13.4,0.026028547
thailand,4/6/20,51,3,0,2220,26,0.011711712,51,32.2,31
thailand,4/7/20,38,1,95,2258,27,0.011957484,-57,0,0.011566772
thailand,4/8/20,111,3,0,2369,30,0.012663571,111,23,31
thailand,4/9/20,54,2,52,2423,32,0.013206768,2,18,0.040307102
thailand,4/10/20,50,1,73,2473,33,0.013344116,-23,16.8,0.01504788
thailand,4/11/20,45,2,122,2518,35,0.013899921,-77,-8.8,0.017199017
thailand,4/12/20,33,3,83,2551,38,0.014896119,-50,-7.4,0.037304452
thailand,4/13/20,28,2,70,2579,40,0.015509888,-42,-38,0.029957204
thailand,4/14/20,34,1,117,2613,41,0.015690777,-83,-55,0.009393681
thailand,4/15/20,30,2,92,2643,43,0.016269391,-62,-62.8,0.022801303
thailand,4/16/20,29,3,96,2672,46,0.017215569,-67,-60.8,0.032258065
thailand,4/17/20,28,1,96,2700,47,0.017407407,-68,-64.4,0.01144641
thailand,4/18/20,33,0,98,2733,47,0.017197219,-65,-69,0.001019368
thailand,4/19/20,32,0,141,2765,47,0.016998192,-109,-74.2,0.000708717
thailand,4/20/20,27,0,71,2792,47,0.016833811,-44,-70.6,0.00140647
thailand,4/21/20,19,1,109,2811,48,0.017075774,-90,-75.2,0.010082493
thailand,4/22/20,15,1,244,2826,49,0.017338995,-229,-107.4,0.00450635
thailand,4/23/20,13,1,78,2839,50,0.017611835,-65,-107.4,0.014084507
thailand,4/24/20,15,0,60,2854,50,0.017519271,-45,-94.6,0.001663894
thailand,4/25/20,53,1,57,2907,51,0.01754386,-4,-86.6,0.019264448
thailand,4/26/20,15,0,47,2922,51,0.017453799,-32,-75,0.002123142
thailand,4/27/20,9,1,15,2931,52,0.017741385,-6,-30.4,0.072847682
thailand,4/28/20,7,2,43,2938,54,0.01837985,-36,-24.6,0.048723898
thailand,4/29/20,9,0,13,2947,54,0.018323719,-4,-16.4,0.007633588
thailand,4/30/20,7,0,22,2954,54,0.018280298,-15,-18.6,0.004524887
thailand,5/1/20,6,0,32,2960,54,0.018243243,-26,-17.4,0.003115265
thailand,5/2/20,6,0,13,2966,54,0.018206339,-7,-17.6,0.007633588
thailand,5/3/20,3,0,7,2969,54,0.018187942,-4,-11.2,0.014084507
thailand,5/4/20,18,0,1,2987,54,0.018078339,17,-7,0.090909091
thailand,5/5/20,1,0,7,2988,54,0.018072289,-6,-5.2,0.014084507
thailand,5/6/20,1,1,14,2989,55,0.018400803,-13,-2.6,0.078014184
thailand,5/7/20,3,0,11,2992,55,0.018382353,-8,-2.8,0.009009009
thailand,5/8/20,8,0,12,3000,55,0.018333333,-4,-2.8,0.008264463
thailand,5/9/20,4,1,3,3004,56,0.018641811,1,-6,0.35483871
thailand,5/10/20,5,0,7,3009,56,0.018610834,-2,-5.2,0.014084507
thailand,5/11/20,6,0,2,3015,56,0.018573798,4,-1.8,0.047619048
thailand,5/12/20,2,0,2,3017,56,0.018561485,0,-0.2,0.047619048
thailand,5/13/20,0,0,46,3017,56,0.018561485,-46,-8.6,0.002169197
thailand,5/14/20,1,0,6,3018,56,0.018555335,-5,-9.8,0.016393443
thailand,5/15/20,7,0,5,3025,56,0.018512397,2,-9,0.019607843
thailand,5/16/20,0,0,0,3025,56,0.018512397,0,-9.8,1
thailand,5/17/20,3,0,1,3028,56,0.018494055,2,-9.4,0.090909091
thailand,5/18/20,3,0,1,3031,56,0.018475751,2,0.2,0.090909091
thailand,5/19/20,2,0,0,3033,56,0.018463567,2,1.6,1
thailand,5/20/20,1,0,31,3034,56,0.018457482,-30,-4.8,0.003215434
thailand,5/21/20,3,0,9,3037,56,0.018439249,-6,-6,0.010989011
thailand,5/22/20,0,0,13,3037,56,0.018439249,-13,-9,0.007633588
thailand,5/23/20,3,0,6,3040,56,0.018421053,-3,-10,0.016393443
thailand,5/24/20,0,0,5,3040,56,0.018421053,-5,-11.4,0.019607843
thailand,5/25/20,2,1,7,3042,57,0.018737673,-5,-6.4,0.154929577
thailand,5/26/20,3,0,1,3045,57,0.018719212,2,-4.8,0.090909091
thailand,5/27/20,9,0,2,3054,57,0.018664047,7,-0.8,0.047619048
thailand,5/28/20,11,0,14,3065,57,0.018597064,-3,-0.8,0.007092199
thailand,5/29/20,11,0,0,3076,57,0.018530559,11,2.4,1
thailand,5/30/20,1,0,16,3077,57,0.018524537,-15,0.4,0.00621118
thailand,5/31/20,4,0,2,3081,57,0.018500487,2,0.4,0.047619048
thailand,6/1/20,1,0,2,3082,57,0.018494484,-1,-1.2,0.047619048
thailand,6/2/20,1,1,1,3083,58,0.018812845,0,-0.6,1
thailand,6/3/20,1,0,2,3084,58,0.018806744,-1,-3,0.047619048
thailand,6/4/20,17,0,0,3101,58,0.018703644,17,3.4,1
thailand,6/5/20,1,0,3,3102,58,0.018697614,-2,2.6,0.032258065
thailand,6/6/20,2,0,0,3104,58,0.018685567,2,3.2,1
thailand,6/7/20,8,0,1,3112,58,0.018637532,7,4.6,0.090909091
thailand,6/8/20,7,0,1,3119,58,0.018595704,6,6,0.090909091
thailand,6/9/20,2,0,0,3121,58,0.018583787,2,3,1
thailand,6/10/20,4,0,8,3125,58,0.01856,-4,2.6,0.012345679
thailand,6/11/20,0,0,6,3125,58,0.01856,-6,1,0.016393443
thailand,6/12/20,4,0,0,3129,58,0.018536274,4,0.4,1
thailand,6/13/20,5,0,0,3134,58,0.018506701,5,0.2,1
thailand,6/14/20,1,0,0,3135,58,0.018500797,1,0,1
thailand,6/15/20,0,0,0,3135,58,0.018500797,0,0.8,1
thailand,6/16/20,0,0,6,3135,58,0.018500797,-6,0.8,0.016393443
thailand,6/17/20,0,0,3,3135,58,0.018500797,-3,-0.6,0.032258065
thailand,6/18/20,6,0,1,3141,58,0.018465457,5,-0.6,0.090909091
thailand,6/19/20,5,0,11,3146,58,0.018436109,-6,-2,0.009009009
thailand,6/20/20,1,0,10,3147,58,0.018430251,-9,-3.8,0.00990099
thailand,6/21/20,1,0,0,3148,58,0.018424396,1,-2.4,1
thailand,6/22/20,3,0,4,3151,58,0.018406855,-1,-2,0.024390244
thailand,6/23/20,5,0,1,3156,58,0.018377693,4,-2.2,0.090909091
thailand,6/24/20,1,0,3,3157,58,0.018371872,-2,-1.4,0.032258065
thailand,6/25/20,1,0,12,3158,58,0.018366054,-11,-1.8,0.008264463
thailand,6/26/20,4,0,2,3162,58,0.018342821,2,-1.6,0.047619048
thailand,6/27/20,0,0,13,3162,58,0.018342821,-13,-4,0.007633588
thailand,6/28/20,0,0,0,3162,58,0.018342821,0,-4.8,1
thailand,6/29/20,7,0,0,3169,58,0.018302304,7,-3,1
thailand,6/30/20,2,0,3,3171,58,0.01829076,-1,-1,0.032258065
thailand,7/1/20,2,0,3,3173,58,0.018279231,-1,-1.6,0.032258065
thailand,7/2/20,6,0,0,3179,58,0.018244731,6,2.2,1